0 0.778305 0.282366
0 1.000000 0.712565
0 0.868287 0.670370
0 0.000000 1.000000
0 0.788835 0.149491
0 0.828161 0.103737
0 0.879280 0.093803
0 0.800918 0.175404
0 0.820754 0.219737
0 0.786195 0.227583
0 0.811704 0.124990
0 0.757694 0.216978
0 0.786270 0.237295
0 0.818461 0.179880
0 0.780750 0.102422
0 0.847782 0.000000
0 0.852643 0.062347
0 0.854220 0.114477
0 0.815615 0.130638
0 0.817390 0.104812
0 0.769273 0.225369
0 0.856352 0.093123
0 0.765492 0.144704
0 0.765921 0.267020
0 0.791882 0.196532
0 0.780571 0.266495
0 0.828030 0.172762
0 0.745310 0.218318
0 0.770530 0.205957
0 0.773090 0.232730
1 0.895140 0.553975
1 0.857378 0.580488
1 0.868610 0.607092
1 0.796794 0.631235
1 0.836894 0.628217
1 0.872251 0.646800
1 0.820930 0.580848
1 0.880534 0.605282
1 0.862616 0.652503
1 0.786993 0.637265
1 0.748148 0.631744
1 0.846242 0.615486
1 0.911049 0.540415
1 0.812378 0.660852
1 0.807589 0.661500
1 0.921767 0.497124
1 0.858148 0.555197
1 0.769710 0.630365
1 0.922082 0.699966
1 0.805396 0.676558
1 0.859308 0.588547
1 0.819021 0.597326
1 0.808562 0.739733
1 0.838056 0.593754
1 0.845504 0.560671
1 0.796021 0.622370
1 0.884177 0.524947
1 0.867895 0.509286
1 0.794515 0.682092
1 0.873973 0.551121
